402
0 0.5 0.5
1 19.5 19.5
2 6.59948 16.7296
3 0.691204 15.2452
4 19.6877 16.1953
5 6.33954 4.34671
6 8.21931 13.1389
7 6.67481 8.55826
8 8.7211 13.386
9 4.31992 16.6812
10 19.6131 2.66701
11 17.5774 9.02794
12 8.82507 9.76776
13 4.97468 10.2371
14 14.3584 0.880229
15 2.34361 19.1236
16 3.1349 12.6512
17 3.93753 1.46317
18 8.67576 10.683
19 7.07223 6.30229
20 18.1386 8.85997
21 18.3738 10.2661
22 16.0048 18.2472
23 8.3167 13.3074
24 17.0551 19.276
25 2.45594 10.1375
26 3.33411 9.52744
27 18.0605 7.62046
28 4.32326 15.1097
29 15.0956 0.105039
30 4.45468 17.7708
31 3.79537 5.75996
32 13.1769 1.07963
33 1.71969 13.9874
34 9.70302 11.2659
35 3.42951 4.16007
36 6.96582 12.1781
37 15.0649 6.6119
38 15.2671 1.17847
39 0.826605 16.2307
40 0.138409 14.7074
41 6.03978 7.27821
42 5.1749 0.943632
43 10.3874 1.57171
44 13.5941 11.3227
45 8.51128 14.6326
46 8.0964 0.580841
47 2.686 2.40474
48 6.11292 16.1958
49 7.37653 12.525
50 16.276 3.74765
51 6.57349 8.96568
52 10.1071 18.1159
53 7.70636 18.7848
54 19.4412 19.8149
55 4.80745 10.6083
56 6.43121 8.31625
57 12.4449 0.427715
58 5.04453 11.4405
59 5.63133 18.0558
60 18.4764 11.5628
61 18.8311 14.4344
62 8.66279 6.31369
63 6.49975 17.0147
64 7.53093 15.7141
65 14.6488 11.3615
66 10.085 6.46909
67 17.5839 2.94929
68 6.93103 18.756
69 13.8558 14.8009
70 3.87975 10.2993
71 14.1701 12.5285
72 8.1052 6.71619
73 11.3349 2.38385
74 17.8084 14.2414
75 19.1372 5.46242
76 16.2058 12.5523
77 19.345 5.58245
78 13.7117 11.0281
79 15.2427 14.4652
80 6.4105 18.5868
81 6.59545 17.1501
82 0.759141 12.1683
83 19.5785 18.0018
84 16.4132 2.90698
85 15.6081 0.836405
86 5.65442 17.4354
87 18.6741 11.4191
88 11.3641 3.96527
89 5.40315 8.77921
90 17.745 17.9942
91 3.07066 0.706526
92 12.9539 1.10238
93 2.09072 9.33132
94 16.3061 14.1117
95 7.21318 13.7235
96 1.3336 9.8134
97 1.48553 9.33104
98 17.926 7.79987
99 10.7525 12.9963
100 19.6824 10.2704
101 18.1566 2.7805
102 0.810206 3.23914
103 10.874 4.37908
104 13.2028 8.40111
105 19.0846 17.47
106 3.49559 14.9627
107 1.60074 15.8078
108 1.36096 4.04045
109 13.7726 3.54832
110 0.876204 7.28152
111 18.4544 15.9217
112 0.764507 13.3619
113 3.6748 4.28106
114 13.6981 19.3166
115 5.27871 9.28247
116 1.48807 16.9091
117 16.2315 18.7352
118 13.6419 18.1568
119 16.8563 8.93627
120 3.52612 11.1842
121 9.87278 18.6796
122 19.0979 16.0264
123 15.7104 1.8867
124 14.9717 0.495187
125 2.66251 16.5583
126 1.2242 4.09528
127 12.7248 15.0548
128 19.4568 11.1063
129 0.373059 4.07604
130 4.83705 15.0755
131 17.0885 16.9188
132 18.6876 9.53283
133 1.8099 10.0937
134 0.0989114 2.9931
135 0.468934 13.4994
136 13.7097 9.76578
137 1.92475 18.8804
138 0.35264 0.108223
139 6.02363 12.1272
140 0.365387 1.66303
141 16.8335 15.9601
142 11.496 6.01829
143 14.5229 2.44488
144 19.9652 4.05711
145 10.4704 2.02124
146 8.95463 18.2217
147 16.031 4.57213
148 6.23594 11.6632
149 3.58546 11.1668
150 2.07558 2.5875
151 15.3768 14.3938
152 16.2697 19.2024
153 18.1088 12.2844
154 19.3409 8.67374
155 9.13653 0.825235
156 6.83046 12.7279
157 11.8066 10.4852
158 15.3445 8.22944
159 2.86936 3.91134
160 15.8445 6.89474
161 15.2983 1.10254
162 18.161 11.0847
163 1.49402 2.43331
164 9.62739 4.24411
165 7.00256 12.7991
166 12.5109 0.52726
167 11.0337 12.2929
168 18.3114 11.9643
169 1.79822 16.6987
170 6.87233 18.1828
171 18.7018 1.02749
172 4.65389 18.832
173 1.14479 6.00771
174 6.88483 11.8901
175 0.433422 9.61254
176 4.73817 9.1404
177 8.92382 5.71741
178 5.0414 12.8721
179 4.10162 6.27635
180 6.25532 0.542663
181 0.092568 0.351231
182 4.25865 5.98593
183 0.950524 17.9309
184 3.75724 12.6195
185 12.7671 15.1445
186 19.1093 10.8177
187 4.34716 18.8635
188 7.42084 1.37364
189 1.01778 3.62922
190 17.1148 11.3582
191 10.2642 6.57406
192 2.37864 5.52465
193 8.30823 17.9809
194 19.0886 19.2316
195 19.4894 13.2205
196 11.9255 15.1496
197 7.68031 17.2965
198 3.61773 3.49018
199 7.28878 4.30208
200 12.7964 10.2683
201 5.95012 11.2656
202 18.9946 14.5923
203 3.84119 14.5078
204 4.36274 7.02873
205 19.8319 14.7416
206 16.2511 7.02217
207 11.8834 4.25469
208 3.50982 15.085
209 19.4498 14.0617
210 8.93667 7.74261
211 0.40171 19.0789
212 3.52668 7.28325
213 2.33455 11.5993
214 4.56352 0.472503
215 14.6953 5.06666
216 15.9078 0.311993
217 10.9218 10.7388
218 5.24169 6.21839
219 4.95302 18.2795
220 1.81591 11.3392
221 19.5519 5.04187
222 9.19112 18.2185
223 6.97236 12.7411
224 16.3082 7.23243
225 6.53261 5.89996
226 5.40619 7.24656
227 8.91059 10.4738
228 11.3381 5.30204
229 15.1263 3.81982
230 3.35075 18.2018
231 15.3937 14.0687
232 4.9315 16.7482
233 16.6213 10.8346
234 14.9727 13.267
235 4.66804 7.53297
236 12.7184 11.0661
237 14.2574 17.368
238 17.5719 18.3542
239 9.07877 12.8863
240 14.3171 1.92078
241 15.2397 13.804
242 9.76059 0.793515
243 15.4963 4.49338
244 4.75465 17.1129
245 6.66669 12.2034
246 7.3376 15.8938
247 0.42239 15.7534
248 19.4283 13.9355
249 4.49911 10.4543
250 0.145802 12.1013
251 10.7762 1.9975
252 1.37918 1.72164
253 15.3021 13.2838
254 0.543759 6.15345
255 0.769814 8.26575
256 17.5331 8.28886
257 7.58388 10.9405
258 12.5792 0.407348
259 1.91871 5.20283
260 18.5424 9.47943
261 1.86642 11.0324
262 17.986 0.602028
263 15.3434 14.9227
264 3.98917 0.506945
265 18.1717 17.455
266 18.7433 16.4299
267 18.0516 19.1191
268 2.48937 2.01787
269 17.0071 11.5333
270 16.2423 19.4243
271 17.2323 16.9294
272 4.81665 1.52656
273 11.424 5.0406
274 6.46428 15.3218
275 9.50115 16.0643
276 19.8344 1.91664
277 3.72304 0.617539
278 4.29814 0.787516
279 15.7631 1.2095
280 19.3438 6.37399
281 2.28962 13.3902
282 14.8944 3.13544
283 8.51274 19.063
284 5.48217 0.443734
285 17.1534 14.6412
286 2.89337 12.9682
287 17.7028 11.4639
288 5.18532 15.9594
289 14.156 3.59087
290 7.39295 13.7648
291 4.07244 13.6893
292 3.20315 16.1354
293 6.0694 9.77312
294 9.07298 17.3806
295 18.9704 8.84823
296 6.17682 14.6171
297 5.78482 17.6206
298 1.11922 10.0352
299 17.5771 5.88748
300 10.1643 6.84719
301 1.00904 0.111357
302 15.8511 8.22489
303 3.48453 11.9039
304 11.0805 10.4852
305 12.9159 4.56161
306 7.10424 4.39694
307 4.62736 12.72
308 19.2364 1.80494
309 1.11438 12.1873
310 12.8219 11.2241
311 1.4505 14.9808
312 4.86303 16.7735
313 14.2265 14.7121
314 8.37839 19.3269
315 18.2175 14.1029
316 16.3494 6.04862
317 3.81626 1.74455
318 8.66771 13.6074
319 0.599486 18.9193
320 19.463 2.39739
321 19.2134 9.51056
322 8.24753 10.5862
323 8.99174 5.40731
324 8.24603 17.3864
325 18.0248 0.926126
326 8.15914 17.0221
327 3.04218 19.7521
328 17.5009 5.48043
329 18.3753 15.8559
330 1.71084 7.69163
331 9.9087 6.683
332 2.67443 10.3647
333 12.7086 11.2107
334 16.7253 8.60253
335 8.58943 6.56242
336 18.2169 18.2934
337 17.8642 12.8506
338 0.947095 4.05282
339 19.8159 11.275
340 4.05355 18.5009
341 14.9256 0.988398
342 16.4722 8.59182
343 3.87316 0.164496
344 5.36005 13.6138
345 6.9445 10.7916
346 14.4655 10.6034
347 5.35646 5.6631
348 14.3849 12.504
349 17.5149 13.0792
350 1.80063 2.3983
351 10.2467 0.847829
352 19.0043 2.99179
353 17.0174 16.2925
354 11.8205 0.315035
355 0.95008 6.74461
356 1.15925 0.913525
357 18.3219 17.8219
358 1.00402 14.347
359 2.08745 18.8393
360 4.0959 2.29645
361 6.10869 4.54039
362 13.0088 1.29108
363 19.3003 12.8404
364 13.8932 16.7236
365 6.90343 13.2258
366 11.9334 6.80053
367 6.38473 13.5544
368 5.8895 9.06162
369 17.5885 10.718
370 4.55261 18.4057
371 16.464 7.24343
372 6.78608 7.9565
373 11.7753 3.94336
374 15.9269 0.869503
375 19.6416 15.6097
376 2.17608 17.1691
377 1.86421 0.648772
378 19.2445 3.64478
379 5.03936 17.0782
380 7.73587 18.3308
381 7.31627 10.8488
382 7.78626 19.3603
383 8.58884 5.00614
384 1.06438 14.5185
385 9.94265 18.3242
386 15.7706 5.47855
387 14.4901 1.4071
388 11.9749 1.44262
389 9.36253 19.8124
390 1.5653 13.4136
391 3.91917 18.0799
392 0.248546 5.39322
393 8.70719 12.7108
394 4.99313 8.24294
395 16.4337 6.74496
396 12.6854 2.10713
397 0.190833 11.8635
398 1.71526 12.1501
399 10.788 10.3732
400 1.72669 9.50614
401 12.7974 3.61849
4872
6 8 0.559321
8 6 0.559321
11 20 0.585829
20 11 0.585829
11 21 1.4722
21 11 1.4722
20 21 1.42566
21 20 1.42566
6 23 0.19465
23 6 0.19465
8 23 0.41196
23 8 0.41196
22 24 1.47023
24 22 1.47023
13 26 1.78747
26 13 1.78747
25 26 1.06925
26 25 1.06925
11 27 1.48809
27 11 1.48809
20 27 1.24197
27 20 1.24197
9 28 1.5715
28 9 1.5715
14 29 1.06975
29 14 1.06975
9 30 1.09784
30 9 1.09784
14 32 1.19822
32 14 1.19822
3 33 1.62483
33 3 1.62483
16 33 1.94632
33 16 1.94632
18 34 1.18109
34 18 1.18109
31 35 1.64118
35 31 1.64118
6 36 1.57934
36 6 1.57934
23 36 1.76074
36 23 1.76074
14 38 0.956411
38 14 0.956411
29 38 1.08705
38 29 1.08705
3 39 0.994668
39 3 0.994668
3 40 0.771249
40 3 0.771249
33 40 1.73752
40 33 1.73752
39 40 1.67147
40 39 1.67147
7 41 1.42891
41 7 1.42891
19 41 1.42069
41 19 1.42069
17 42 1.34202
42 17 1.34202
6 45 1.52193
45 6 1.52193
8 45 1.26412
45 8 1.26412
23 45 1.33934
45 23 1.33934
17 47 1.56617
47 17 1.56617
35 47 1.90631
47 35 1.90631
2 48 0.722294
48 2 0.722294
9 48 1.85755
48 9 1.85755
6 49 1.04265
49 6 1.04265
8 49 1.59659
49 8 1.59659
23 49 1.22314
49 23 1.22314
36 49 0.537607
49 36 0.537607
7 51 0.419834
51 7 0.419834
41 51 1.76986
51 41 1.76986
1 54 0.320336
54 1 0.320336
13 55 0.407177
55 13 0.407177
26 55 1.8273
55 26 1.8273
7 56 0.343377
56 7 0.343377
41 56 1.10939
56 41 1.10939
51 56 0.664833
56 51 0.664833
14 57 1.96628
57 14 1.96628
32 57 0.980204
57 32 0.980204
13 58 1.20547
58 13 1.20547
55 58 0.865311
58 55 0.865311
2 59 1.64199
59 2 1.64199
9 59 1.89981
59 9 1.89981
30 59 1.21069
59 30 1.21069
48 59 1.92136
59 48 1.92136
21 60 1.30076
60 21 1.30076
4 61 1.95816
61 4 1.95816
2 63 0.302015
63 2 0.302015
48 63 0.905667
63 48 0.905667
59 63 1.35577
63 59 1.35577
2 64 1.37802
64 2 1.37802
45 64 1.45972
64 45 1.45972
48 64 1.4976
64 48 1.4976
63 64 1.6598
64 63 1.6598
44 65 1.05536
65 44 1.05536
62 66 1.43069
66 62 1.43069
53 68 0.775867
68 53 0.775867
59 68 1.47632
68 59 1.47632
63 68 1.79394
68 63 1.79394
13 70 1.0967
70 13 1.0967
25 70 1.43298
70 25 1.43298
26 70 0.945252
70 26 0.945252
55 70 0.977811
70 55 0.977811
58 70 1.63067
70 58 1.63067
44 71 1.33636
71 44 1.33636
65 71 1.26141
71 65 1.26141
62 72 0.687693
72 62 0.687693
66 72 1.99518
72 66 1.99518
43 73 1.24793
73 43 1.24793
61 74 1.04077
74 61 1.04077
65 76 1.96018
76 65 1.96018
75 77 0.240012
77 75 0.240012
44 78 0.317196
78 44 0.317196
65 78 0.994606
78 65 0.994606
71 78 1.56892
78 71 1.56892
69 79 1.42698
79 69 1.42698
2 80 1.86678
80 2 1.86678
53 80 1.3109
80 53 1.3109
59 80 0.942901
80 59 0.942901
63 80 1.57464
80 63 1.57464
68 80 0.54734
80 68 0.54734
2 81 0.420505
81 2 0.420505
48 81 1.06936
81 48 1.06936
53 81 1.97645
81 53 1.97645
59 81 1.32281
81 59 1.32281
63 81 0.16581
81 63 0.16581
64 81 1.71386
81 64 1.71386
68 81 1.64061
81 68 1.64061
80 81 1.44856
81 80 1.44856
1 83 1.50023
83 1 1.50023
4 83 1.80985
83 4 1.80985
54 83 1.81827
83 54 1.81827
50 84 0.851781
84 50 0.851781
67 84 1.17152
84 67 1.17152
14 85 1.25051
85 14 1.25051
29 85 0.893093
85 29 0.893093
38 85 0.483013
85 38 0.483013
2 86 1.17951
86 2 1.17951
9 86 1.53285
86 9 1.53285
30 86 1.24574
86 30 1.24574
48 86 1.32167
86 48 1.32167
59 86 0.620864
86 59 0.620864
63 86 0.944231
86 63 0.944231
68 86 1.8368
86 68 1.8368
80 86 1.37748
86 80 1.37748
81 86 0.983318
86 81 0.983318
21 87 1.19145
87 21 1.19145
60 87 0.244429
87 60 0.244429
73 88 1.58168
88 73 1.58168
7 89 1.29072
89 7 1.29072
13 89 1.51953
89 13 1.51953
41 89 1.63043
89 41 1.63043
51 89 1.1851
89 51 1.1851
55 89 1.92368
89 55 1.92368
56 89 1.12749
89 56 1.12749
22 90 1.75849
90 22 1.75849
24 90 1.45567
90 24 1.45567
83 90 1.83359
90 83 1.83359
17 91 1.15064
91 17 1.15064
47 91 1.74123
91 47 1.74123
14 92 1.42195
92 14 1.42195
32 92 0.224129
92 32 0.224129
57 92 0.845146
92 57 0.845146
25 93 0.885002
93 25 0.885002
26 93 1.25877
93 26 1.25877
74 94 1.5079
94 74 1.5079
76 94 1.56267
94 76 1.56267
79 94 1.12056
94 79 1.12056
6 95 1.16366
95 6 1.16366
8 95 1.54524
95 8 1.54524
23 95 1.17936
95 23 1.17936
36 95 1.56506
95 36 1.56506
45 95 1.58475
95 45 1.58475
49 95 1.20958
95 49 1.20958
25 96 1.16818
96 25 1.16818
93 96 0.897566
96 93 0.897566
25 97 1.26174
97 25 1.26174
26 97 1.85899
97 26 1.85899
93 97 0.605188
97 93 0.605188
96 97 0.505723
97 96 0.505723
11 98 1.27659
98 11 1.27659
20 98 1.08122
98 20 1.08122
27 98 0.224237
98 27 0.224237
21 100 1.30858
100 21 1.30858
60 100 1.7677
100 60 1.7677
87 100 1.52845
100 87 1.52845
10 101 1.46093
101 10 1.46093
67 101 0.597004
101 67 0.597004
84 101 1.74798
101 84 1.74798
88 103 0.641427
103 88 0.641427
4 105 1.41014
105 4 1.41014
83 105 0.725837
105 83 0.725837
90 105 1.43859
105 90 1.43859
9 106 1.90605
106 9 1.90605
28 106 0.840638
106 28 0.840638
3 107 1.06944
107 3 1.06944
33 107 1.82431
107 33 1.82431
39 107 0.882098
107 39 0.882098
40 107 1.83008
107 40 1.83008
102 108 0.972332
108 102 0.972332
4 111 1.26325
111 4 1.26325
61 111 1.53427
111 61 1.53427
74 111 1.80017
111 74 1.80017
105 111 1.67163
111 105 1.67163
3 112 1.88479
112 3 1.88479
33 112 1.14175
112 33 1.14175
40 112 1.48408
112 40 1.48408
82 112 1.19362
112 82 1.19362
31 113 1.4838
113 31 1.4838
35 113 0.273498
113 35 0.273498
7 115 1.57277
115 7 1.57277
13 115 1.00185
115 13 1.00185
26 115 1.95996
115 26 1.95996
51 115 1.33297
115 51 1.33297
55 115 1.40712
115 55 1.40712
56 115 1.50394
115 56 1.50394
70 115 1.72947
115 70 1.72947
89 115 0.518417
115 89 0.518417
3 116 1.84482
116 3 1.84482
39 116 0.947523
116 39 0.947523
107 116 1.10704
116 107 1.10704
22 117 0.538058
117 22 0.538058
24 117 0.985279
117 24 0.985279
90 117 1.68508
117 90 1.68508
114 118 1.16112
118 114 1.16112
11 119 0.726909
119 11 0.726909
20 119 1.28461
119 20 1.28461
27 119 1.7837
119 27 1.7837
98 119 1.56068
119 98 1.56068
13 120 1.73074
120 13 1.73074
16 120 1.51823
120 16 1.51823
25 120 1.49701
120 25 1.49701
26 120 1.66788
120 26 1.66788
55 120 1.40481
120 55 1.40481
58 120 1.53989
120 58 1.53989
70 120 0.952968
120 70 0.952968
52 121 0.610392
121 52 0.610392
4 122 0.613478
122 4 0.613478
61 122 1.61424
122 61 1.61424
105 122 1.4436
122 105 1.4436
111 122 0.651956
122 111 0.651956
14 123 1.68551
123 14 1.68551
29 123 1.88476
123 29 1.88476
38 123 0.835523
123 38 0.835523
50 123 1.94502
123 50 1.94502
84 123 1.2389
123 84 1.2389
85 123 1.05526
123 85 1.05526
14 124 0.724195
124 14 0.724195
29 124 0.409328
124 29 0.409328
32 124 1.88762
124 32 1.88762
38 124 0.744391
124 38 0.744391
85 124 0.722096
124 85 0.722096
123 124 1.57541
124 123 1.57541
9 125 1.66197
125 9 1.66197
39 125 1.86491
125 39 1.86491
106 125 1.80002
125 106 1.80002
107 125 1.30025
125 107 1.30025
116 125 1.2257
125 116 1.2257
102 126 0.950981
126 102 0.950981
108 126 0.147336
126 108 0.147336
69 127 1.15912
127 69 1.15912
21 128 1.3707
128 21 1.3707
60 128 1.08147
128 60 1.08147
87 128 0.842876
128 87 0.842876
100 128 0.86583
128 100 0.86583
102 129 0.944188
129 102 0.944188
108 129 0.988541
129 108 0.988541
126 129 0.851363
129 126 0.851363
9 130 1.687
130 9 1.687
28 130 0.514926
130 28 0.514926
48 130 1.69795
130 48 1.69795
106 130 1.34619
130 106 1.34619
22 131 1.71438
131 22 1.71438
90 131 1.25993
131 90 1.25993
111 131 1.69114
131 111 1.69114
11 132 1.21965
132 11 1.21965
20 132 0.868412
132 20 0.868412
21 132 0.79758
132 21 0.79758
87 132 1.88629
132 87 1.88629
98 132 1.89294
132 98 1.89294
100 132 1.23837
132 100 1.23837
119 132 1.92606
132 119 1.92606
128 132 1.75142
132 128 1.75142
25 133 0.647521
133 25 0.647521
26 133 1.62601
133 26 1.62601
93 133 0.812466
133 93 0.812466
96 133 0.552659
133 96 0.552659
97 133 0.828787
133 97 0.828787
102 134 0.752646
134 102 0.752646
108 134 1.64003
134 108 1.64003
126 134 1.57515
134 126 1.57515
129 134 1.1171
134 129 1.1171
3 135 1.75995
135 3 1.75995
33 135 1.34258
135 33 1.34258
40 135 1.25245
135 40 1.25245
82 135 1.36237
135 82 1.36237
112 135 0.325989
135 112 0.325989
44 136 1.56116
136 44 1.56116
65 136 1.85153
136 65 1.85153
78 136 1.26229
136 78 1.26229
104 136 1.45575
136 104 1.45575
15 137 0.484354
137 15 0.484354
0 138 0.418574
138 0 0.418574
36 139 0.94356
139 36 0.94356
49 139 1.41018
139 49 1.41018
55 139 1.94578
139 55 1.94578
58 139 1.19589
139 58 1.19589
95 139 1.99079
139 95 1.99079
0 140 1.1708
140 0 1.1708
102 140 1.63768
140 102 1.63768
134 140 1.3565
140 134 1.3565
138 140 1.55486
140 138 1.55486
74 141 1.97593
141 74 1.97593
94 141 1.92216
141 94 1.92216
111 141 1.62138
141 111 1.62138
131 141 0.992092
141 131 0.992092
66 142 1.48121
142 66 1.48121
103 142 1.75326
142 103 1.75326
14 143 1.57327
143 14 1.57327
32 143 1.9172
143 32 1.9172
38 143 1.4689
143 38 1.4689
84 143 1.94595
143 84 1.94595
85 143 1.94034
143 85 1.94034
109 143 1.33438
143 109 1.33438
123 143 1.31216
143 123 1.31216
10 144 1.434
144 10 1.434
75 144 1.63112
144 75 1.63112
77 144 1.64661
144 77 1.64661
43 145 0.457127
145 43 0.457127
73 145 0.937449
145 73 0.937449
52 146 1.1573
146 52 1.1573
53 146 1.36941
146 53 1.36941
121 146 1.02598
146 121 1.02598
50 147 0.860134
147 50 0.860134
84 147 1.70845
147 84 1.70845
13 148 1.90385
148 13 1.90385
36 148 0.893228
148 36 0.893228
49 148 1.42957
148 49 1.42957
55 148 1.77577
148 55 1.77577
58 148 1.21204
148 58 1.21204
139 148 0.510245
148 139 0.510245
13 149 1.67164
149 13 1.67164
16 149 1.55124
149 16 1.55124
25 149 1.52822
149 25 1.52822
26 149 1.65855
149 26 1.65855
55 149 1.34357
149 55 1.34357
58 149 1.48451
149 58 1.48451
70 149 0.916077
149 70 0.916077
120 149 0.0618457
149 120 0.0618457
47 150 0.637198
150 47 0.637198
102 150 1.42331
150 102 1.42331
108 150 1.61918
150 108 1.61918
126 150 1.73154
150 126 1.73154
140 150 1.94406
150 140 1.94406
69 151 1.57454
151 69 1.57454
79 151 0.151889
151 79 0.151889
94 151 0.971147
151 94 0.971147
22 152 0.991196
152 22 0.991196
24 152 0.788824
152 24 0.788824
90 152 1.90683
152 90 1.90683
117 152 0.468748
152 117 0.468748
60 153 0.809889
153 60 0.809889
74 153 1.97991
153 74 1.97991
76 153 1.9217
153 76 1.9217
87 153 1.03367
153 87 1.03367
128 153 1.79033
153 128 1.79033
11 154 1.79871
154 11 1.79871
20 154 1.2166
154 20 1.2166
21 154 1.863
154 21 1.863
27 154 1.65791
154 27 1.65791
98 154 1.66298
154 98 1.66298
100 154 1.63275
154 100 1.63275
132 154 1.07926
154 132 1.07926
46 155 1.06846
155 46 1.06846
6 156 1.44838
156 6 1.44838
23 156 1.59522
156 23 1.59522
36 156 0.566209
156 36 0.566209
49 156 0.582546
156 49 0.582546
95 156 1.06662
156 95 1.06662
139 156 1.00591
156 139 1.00591
148 156 1.21945
156 148 1.21945
44 157 1.97397
157 44 1.97397
78 157 1.98095
157 78 1.98095
37 158 1.64152
158 37 1.64152
119 158 1.66883
158 119 1.66883
35 159 0.612899
159 35 0.612899
47 159 1.51772
159 47 1.51772
108 159 1.51391
159 108 1.51391
113 159 0.886242
159 113 0.886242
126 159 1.6554
159 126 1.6554
150 159 1.54359
159 150 1.54359
37 160 0.829325
160 37 0.829325
158 160 1.42529
160 158 1.42529
14 161 0.965851
161 14 0.965851
29 161 1.0179
161 29 1.0179
38 161 0.0820824
161 38 0.0820824
85 161 0.408438
161 85 0.408438
123 161 0.885845
161 123 0.885845
124 161 0.689586
161 124 0.689586
143 161 1.5502
161 143 1.5502
21 162 0.845808
162 21 0.845808
60 162 0.572814
162 60 0.572814
87 162 0.612502
162 87 0.612502
100 162 1.72565
162 100 1.72565
128 162 1.29604
162 128 1.29604
132 162 1.63878
162 132 1.63878
153 162 1.20089
162 153 1.20089
47 163 1.19232
163 47 1.19232
102 163 1.05687
163 102 1.05687
108 163 1.61264
163 108 1.61264
126 163 1.68373
163 126 1.68373
129 163 1.98875
163 129 1.98875
134 163 1.50323
163 134 1.50323
140 163 1.36643
163 140 1.36643
150 163 0.601648
163 150 0.601648
88 164 1.75891
164 88 1.75891
103 164 1.25386
164 103 1.25386
6 165 1.2633
165 6 1.2633
8 165 1.81598
165 8 1.81598
23 165 1.40902
165 23 1.40902
36 165 0.622079
165 36 0.622079
49 165 0.463669
165 49 0.463669
95 165 0.948089
165 95 0.948089
139 165 1.18734
165 139 1.18734
148 165 1.37039
165 148 1.37039
156 165 0.186241
165 156 0.186241
14 166 1.88089
166 14 1.88089
32 166 0.865221
166 32 0.865221
57 166 0.119455
166 57 0.119455
92 166 0.725946
166 92 0.725946
34 167 1.68098
167 34 1.68098
21 168 1.69932
168 21 1.69932
60 168 0.434051
168 60 0.434051
87 168 0.654825
168 87 0.654825
128 168 1.43111
168 128 1.43111
153 168 0.378911
168 153 0.378911
162 168 0.892361
168 162 0.892361
3 169 1.82702
169 3 1.82702
39 169 1.07847
169 39 1.07847
107 169 0.912529
169 107 0.912529
116 169 0.374778
169 116 0.374778
125 169 0.875614
169 125 0.875614
2 170 1.47851
170 2 1.47851
53 170 1.02863
170 53 1.02863
59 170 1.24748
170 59 1.24748
63 170 1.22603
170 63 1.22603
68 170 0.576284
170 68 0.576284
80 170 0.613644
170 80 0.613644
81 170 1.06911
170 81 1.06911
86 170 1.42894
170 86 1.42894
10 171 1.87576
171 10 1.87576
101 171 1.83584
171 101 1.83584
30 172 1.07972
172 30 1.07972
59 172 1.24811
172 59 1.24811
80 172 1.77364
172 80 1.77364
86 172 1.71798
172 86 1.71798
108 173 1.97909
173 108 1.97909
110 173 1.30182
173 110 1.30182
126 173 1.91407
173 126 1.91407
6 174 1.82768
174 6 1.82768
36 174 0.299236
174 36 0.299236
49 174 0.803085
174 49 0.803085
58 174 1.89441
174 58 1.89441
95 174 1.86263
174 95 1.86263
139 174 0.893251
174 139 0.893251
148 174 0.687401
174 148 0.687401
156 174 0.839624
174 156 0.839624
165 174 0.916653
174 165 0.916653
93 175 1.68099
175 93 1.68099
96 175 0.922315
175 96 0.922315
97 175 1.08912
175 97 1.08912
133 175 1.45815
175 133 1.45815
13 176 1.12189
176 13 1.12189
26 176 1.45643
176 26 1.45643
51 176 1.84361
176 51 1.84361
55 176 1.46956
176 55 1.46956
56 176 1.88298
176 56 1.88298
70 176 1.44221
176 70 1.44221
89 176 0.756736
176 89 0.756736
115 176 0.558889
176 115 0.558889
62 177 0.650911
177 62 0.650911
66 177 1.38326
177 66 1.38326
72 177 1.2914
177 72 1.2914
164 177 1.63268
177 164 1.63268
16 178 1.91925
178 16 1.91925
58 178 1.43158
178 58 1.43158
139 178 1.23275
178 139 1.23275
148 178 1.69951
178 148 1.69951
156 178 1.79486
178 156 1.79486
165 178 1.96252
178 165 1.96252
31 179 0.60038
179 31 0.60038
42 180 1.15242
180 42 1.15242
46 180 1.84147
180 46 1.84147
0 181 0.433743
181 0 0.433743
138 181 0.355937
181 138 0.355937
140 181 1.33987
181 140 1.33987
31 182 0.515458
182 31 0.515458
113 182 1.80207
182 113 1.80207
179 182 0.330159
182 179 0.330159
15 183 1.83391
183 15 1.83391
39 183 1.70476
183 39 1.70476
116 183 1.15459
183 116 1.15459
137 183 1.36038
183 137 1.36038
169 183 1.49564
183 169 1.49564
16 184 0.62314
184 16 0.62314
58 184 1.74558
184 58 1.74558
120 184 1.45372
184 120 1.45372
149 184 1.46275
184 149 1.46275
178 184 1.30878
184 178 1.30878
69 185 1.14163
185 69 1.14163
127 185 0.0991376
185 127 0.0991376
21 186 0.919309
186 21 0.919309
60 186 0.977625
186 60 0.977625
87 186 0.742333
186 87 0.742333
100 186 0.79246
186 100 0.79246
128 186 0.451759
186 128 0.451759
132 186 1.35226
186 132 1.35226
153 186 1.77552
186 153 1.77552
162 186 0.985198
186 162 0.985198
168 186 1.39689
186 168 1.39689
30 187 1.09802
187 30 1.09802
59 187 1.51706
187 59 1.51706
86 187 1.9361
187 86 1.9361
172 187 0.308351
187 172 0.308351
46 188 1.04159
188 46 1.04159
155 188 1.80121
188 155 1.80121
180 188 1.43142
188 180 1.43142
102 189 0.441868
189 102 0.441868
108 189 0.535616
189 108 0.535616
126 189 0.509728
189 126 0.509728
129 189 0.784419
189 129 0.784419
134 189 1.11757
189 134 1.11757
150 189 1.48462
189 150 1.48462
159 189 1.87294
189 159 1.87294
163 189 1.28725
189 163 1.28725
21 190 1.66671
190 21 1.66671
60 190 1.37695
190 60 1.37695
76 190 1.50066
190 76 1.50066
87 190 1.56056
190 87 1.56056
153 190 1.35866
190 153 1.35866
162 190 1.08137
190 162 1.08137
168 190 1.34139
190 168 1.34139
62 191 1.62239
191 62 1.62239
66 191 0.207625
191 66 0.207625
142 191 1.35137
191 142 1.35137
177 191 1.59071
191 177 1.59071
31 192 1.43614
192 31 1.43614
35 192 1.72232
192 35 1.72232
108 192 1.79958
192 108 1.79958
113 192 1.79626
192 113 1.79626
126 192 1.83734
192 126 1.83734
159 192 1.68628
192 159 1.68628
173 192 1.32504
192 173 1.32504
179 192 1.87982
192 179 1.87982
182 192 1.93578
192 182 1.93578
52 193 1.80392
193 52 1.80392
53 193 1.00422
193 53 1.00422
68 193 1.58034
193 68 1.58034
80 193 1.9921
193 80 1.9921
81 193 1.90365
193 81 1.90365
121 193 1.71345
193 121 1.71345
146 193 0.689788
193 146 0.689788
170 193 1.45001
193 170 1.45001
1 194 0.491252
194 1 0.491252
54 194 0.68165
194 54 0.68165
83 194 1.32375
194 83 1.32375
90 194 1.82655
194 90 1.82655
105 194 1.76161
194 105 1.76161
60 195 1.94269
195 60 1.94269
61 195 1.38092
195 61 1.38092
74 195 1.96679
195 74 1.96679
87 195 1.97731
195 87 1.97731
153 195 1.66806
195 153 1.66806
168 195 1.72214
195 168 1.72214
69 196 1.96158
196 69 1.96158
127 196 0.804965
196 127 0.804965
185 196 0.841652
196 185 0.841652
2 197 1.22044
197 2 1.22044
48 197 1.91524
197 48 1.91524
53 197 1.48858
197 53 1.48858
63 197 1.21371
197 63 1.21371
64 197 1.58941
197 64 1.58941
68 197 1.64067
197 68 1.64067
80 197 1.81037
197 80 1.81037
81 197 1.09469
197 81 1.09469
146 197 1.57479
197 146 1.57479
170 197 1.19931
197 170 1.19931
193 197 0.928862
197 193 0.928862
35 198 0.695838
198 35 0.695838
47 198 1.43049
198 47 1.43049
113 198 0.79294
198 113 0.79294
150 198 1.78692
198 150 1.78692
159 198 0.858752
198 159 0.858752
5 199 0.95029
199 5 0.95029
44 200 1.3222
200 44 1.3222
78 200 1.18962
200 78 1.18962
104 200 1.91087
200 104 1.91087
136 200 1.04241
200 136 1.04241
13 201 1.41751
201 13 1.41751
36 201 1.36541
201 36 1.36541
49 201 1.90284
201 49 1.90284
55 201 1.31822
201 55 1.31822
58 201 0.922326
201 58 0.922326
139 201 0.864723
201 139 0.864723
148 201 0.489683
201 148 0.489683
156 201 1.70686
201 156 1.70686
165 201 1.85992
201 165 1.85992
174 201 1.12411
201 174 1.12411
178 201 1.8457
201 178 1.8457
4 202 1.74637
202 4 1.74637
61 202 0.227304
202 61 0.227304
74 202 1.23702
202 74 1.23702
111 202 1.43495
202 111 1.43495
122 202 1.43784
202 122 1.43784
195 202 1.45834
202 195 1.45834
16 203 1.98645
203 16 1.98645
28 203 0.771152
203 28 0.771152
106 203 0.571231
203 106 0.571231
130 203 1.14625
203 130 1.14625
184 203 1.89025
203 184 1.89025
31 204 1.38986
204 31 1.38986
41 204 1.69549
204 41 1.69549
179 204 0.796403
204 179 0.796403
182 204 1.04798
204 182 1.04798
4 205 1.46082
205 4 1.46082
61 205 1.04688
205 61 1.04688
111 205 1.81388
205 111 1.81388
122 205 1.47973
205 122 1.47973
195 205 1.55918
205 195 1.55918
202 205 0.850503
205 202 0.850503
27 206 1.90577
206 27 1.90577
37 206 1.25511
206 37 1.25511
98 206 1.84664
206 98 1.84664
158 206 1.50976
206 158 1.50976
160 206 0.426058
206 160 0.426058
73 207 1.94959
207 73 1.94959
88 207 0.594545
207 88 0.594545
103 207 1.01708
207 103 1.01708
142 207 1.80567
207 142 1.80567
9 208 1.79003
208 9 1.79003
28 208 0.81382
208 28 0.81382
106 208 0.123168
208 106 0.123168
125 208 1.69956
208 125 1.69956
130 208 1.32726
208 130 1.32726
203 208 0.665531
208 203 0.665531
61 209 0.722226
209 61 0.722226
74 209 1.6512
209 74 1.6512
122 209 1.99595
209 122 1.99595
195 209 0.842197
209 195 0.842197
202 209 0.699056
209 202 0.699056
205 209 0.779871
209 205 0.779871
62 210 1.45493
210 62 1.45493
66 210 1.71481
210 66 1.71481
72 210 1.32094
210 72 1.32094
191 210 1.76855
210 191 1.76855
15 211 1.94241
211 15 1.94241
137 211 1.53592
211 137 1.53592
183 211 1.2724
211 183 1.2724
31 212 1.54681
212 31 1.54681
179 212 1.15948
212 179 1.15948
182 212 1.48957
212 182 1.48957
204 212 0.873948
212 204 0.873948
16 213 1.32176
213 16 1.32176
25 213 1.46689
213 25 1.46689
82 213 1.675
213 82 1.675
120 213 1.26179
213 120 1.26179
133 213 1.59439
213 133 1.59439
149 213 1.32356
213 149 1.32356
184 213 1.75065
213 184 1.75065
17 214 1.17187
214 17 1.17187
42 214 0.771852
214 42 0.771852
91 214 1.51109
214 91 1.51109
180 214 1.69326
214 180 1.69326
109 215 1.77674
215 109 1.77674
147 215 1.42426
215 147 1.42426
14 216 1.65032
216 14 1.65032
29 216 0.838181
216 29 0.838181
38 216 1.07762
216 38 1.07762
85 216 0.603995
216 85 0.603995
123 216 1.58703
216 123 1.58703
124 216 0.953817
216 124 0.953817
161 216 0.998226
216 161 0.998226
34 217 1.32783
217 34 1.32783
157 217 0.92044
217 157 0.92044
167 217 1.55813
217 167 1.55813
19 218 1.83247
218 19 1.83247
31 218 1.51723
218 31 1.51723
41 218 1.32672
218 41 1.32672
179 218 1.14154
218 179 1.14154
182 218 1.01014
218 182 1.01014
204 218 1.19549
218 204 1.19549
9 219 1.71908
219 9 1.71908
30 219 0.712133
219 30 0.712133
59 219 0.714239
219 59 0.714239
63 219 1.99802
219 63 1.99802
80 219 1.48954
219 80 1.48954
81 219 1.99326
219 81 1.99326
86 219 1.09749
219 86 1.09749
170 219 1.92176
219 170 1.92176
172 219 0.628249
219 172 0.628249
187 219 0.84152
219 187 0.84152
16 220 1.86039
220 16 1.86039
25 220 1.36157
220 25 1.36157
82 220 1.34317
220 82 1.34317
96 220 1.60024
220 96 1.60024
120 220 1.71721
220 120 1.71721
133 220 1.24552
220 133 1.24552
149 220 1.77793
220 149 1.77793
213 220 0.580202
220 213 0.580202
75 221 0.590657
221 75 0.590657
77 221 0.578824
221 77 0.578824
144 221 1.06797
221 144 1.06797
52 222 0.921687
222 52 0.921687
53 222 1.58911
222 53 1.58911
121 222 0.822961
222 121 0.822961
146 222 0.236509
222 146 0.236509
193 222 0.914287
222 193 0.914287
197 222 1.76993
222 197 1.76993
6 223 1.30887
223 6 1.30887
8 223 1.86386
223 8 1.86386
23 223 1.45876
223 23 1.45876
36 223 0.563003
223 36 0.563003
49 223 0.458307
223 49 0.458307
95 223 1.01151
223 95 1.01151
139 223 1.13002
223 139 1.13002
148 223 1.30542
223 148 1.30542
156 223 0.142504
223 156 0.142504
165 223 0.0654157
223 165 0.0654157
174 223 0.855523
223 174 0.855523
178 223 1.9354
223 178 1.9354
201 223 1.795
223 201 1.795
27 224 1.79478
224 27 1.79478
37 224 1.3895
224 37 1.3895
98 224 1.71444
224 98 1.71444
119 224 1.78982
224 119 1.78982
158 224 1.3866
224 158 1.3866
160 224 0.573584
224 160 0.573584
206 224 0.217871
224 206 0.217871
5 225 1.5652
225 5 1.5652
19 225 0.673099
225 19 0.673099
41 225 1.46371
225 41 1.46371
199 225 1.76777
225 199 1.76777
218 225 1.32962
225 218 1.32962
7 226 1.82482
226 7 1.82482
19 226 1.91503
226 19 1.91503
41 226 0.634382
226 41 0.634382
56 226 1.48152
226 56 1.48152
89 226 1.53265
226 89 1.53265
179 226 1.62579
226 179 1.62579
182 226 1.7047
226 182 1.7047
204 226 1.06594
226 204 1.06594
212 226 1.87987
226 212 1.87987
218 226 1.04125
226 218 1.04125
225 226 1.75561
226 225 1.75561
18 227 0.314509
227 18 0.314509
34 227 1.12041
227 34 1.12041
66 228 1.71236
228 66 1.71236
88 228 1.33702
228 88 1.33702
103 228 1.03308
228 103 1.03308
142 228 0.733453
228 142 0.733453
191 228 1.66473
228 191 1.66473
207 228 1.18082
228 207 1.18082
50 229 1.15205
229 50 1.15205
84 229 1.57779
229 84 1.57779
109 229 1.38065
229 109 1.38065
143 229 1.50151
229 143 1.50151
147 229 1.17663
229 147 1.17663
215 229 1.31921
229 215 1.31921
9 230 1.80319
230 9 1.80319
15 230 1.36528
230 15 1.36528
30 230 1.1851
230 30 1.1851
125 230 1.78181
230 125 1.78181
137 230 1.57921
230 137 1.57921
172 230 1.4475
230 172 1.4475
187 230 1.19612
230 187 1.19612
219 230 1.60415
230 219 1.60415
69 231 1.70329
231 69 1.70329
71 231 1.96703
231 71 1.96703
76 231 1.72022
231 76 1.72022
79 231 0.424243
231 79 0.424243
94 231 0.913399
231 94 0.913399
151 231 0.325532
231 151 0.325532
2 232 1.66809
232 2 1.66809
9 232 0.615224
232 9 0.615224
28 232 1.74768
232 28 1.74768
30 232 1.12831
232 30 1.12831
48 232 1.30418
232 48 1.30418
59 232 1.48315
232 59 1.48315
63 232 1.59074
232 63 1.59074
81 232 1.71181
232 81 1.71181
86 232 0.997439
232 86 0.997439
130 232 1.67539
232 130 1.67539
219 232 1.53147
232 219 1.53147
21 233 1.8424
233 21 1.8424
60 233 1.99289
233 60 1.99289
76 233 1.76721
233 76 1.76721
119 233 1.9128
233 119 1.9128
162 233 1.5598
233 162 1.5598
190 233 0.71945
233 190 0.71945
65 234 1.93288
234 65 1.93288
69 234 1.89742
234 69 1.89742
71 234 1.09066
234 71 1.09066
76 234 1.42528
234 76 1.42528
79 234 1.22819
234 79 1.22819
94 234 1.57839
234 94 1.57839
151 234 1.19703
234 151 1.19703
231 234 0.905478
234 231 0.905478
31 235 1.97614
235 31 1.97614
41 235 1.3952
235 41 1.3952
56 235 1.92933
235 56 1.92933
89 235 1.44689
235 89 1.44689
115 235 1.85301
235 115 1.85301
176 235 1.60896
235 176 1.60896
179 235 1.37837
235 179 1.37837
182 235 1.60029
235 182 1.60029
204 235 0.589458
235 204 0.589458
212 235 1.16836
235 212 1.16836
218 235 1.4343
235 218 1.4343
226 235 0.79177
235 226 0.79177
44 236 0.912587
236 44 0.912587
65 236 1.95289
236 65 1.95289
78 236 0.994091
236 78 0.994091
136 236 1.63508
236 136 1.63508
157 236 1.08106
236 157 1.08106
200 236 0.801632
236 200 0.801632
217 236 1.82615
236 217 1.82615
118 237 1.00056
237 118 1.00056
22 238 1.57081
238 22 1.57081
24 238 1.05687
238 24 1.05687
90 238 0.39937
238 90 0.39937
105 238 1.75216
238 105 1.75216
117 238 1.39351
238 117 1.39351
131 238 1.51456
238 131 1.51456
152 238 1.55411
238 152 1.55411
194 238 1.75214
238 194 1.75214
6 239 0.895812
239 6 0.895812
8 239 0.6145
239 8 0.6145
23 239 0.870699
239 23 0.870699
34 239 1.73652
239 34 1.73652
45 239 1.83616
239 45 1.83616
49 239 1.74016
239 49 1.74016
14 240 1.04137
240 14 1.04137
29 240 1.97556
240 29 1.97556
32 240 1.41696
240 32 1.41696
38 240 1.20559
240 38 1.20559
85 240 1.68597
240 85 1.68597
92 240 1.59004
240 92 1.59004
109 240 1.71624
240 109 1.71624
123 240 1.39367
240 123 1.39367
124 240 1.56869
240 124 1.56869
143 240 0.563029
240 143 0.563029
161 240 1.27756
240 161 1.27756
69 241 1.70558
241 69 1.70558
71 241 1.66461
241 71 1.66461
76 241 1.58122
241 76 1.58122
79 241 0.661158
241 79 0.661158
94 241 1.10985
241 94 1.10985
151 241 0.605487
241 151 0.605487
231 241 0.306196
241 231 0.306196
234 241 0.599717
241 234 0.599717
43 242 0.999229
242 43 0.999229
46 242 1.67772
242 46 1.67772
145 242 1.41815
242 145 1.41815
155 242 0.624859
242 155 0.624859
50 243 1.07896
243 50 1.07896
84 243 1.83231
243 84 1.83231
109 243 1.96579
243 109 1.96579
147 243 0.540454
243 147 0.540454
215 243 0.984985
243 215 0.984985
229 243 0.768498
243 229 0.768498
2 244 1.88422
244 2 1.88422
9 244 0.612631
244 9 0.612631
30 244 0.72305
244 30 0.72305
48 244 1.63888
244 48 1.63888
59 244 1.28751
244 59 1.28751
63 244 1.74786
244 63 1.74786
81 244 1.84117
244 81 1.84117
86 244 0.955813
244 86 0.955813
172 244 1.72202
244 172 1.72202
187 244 1.79743
244 187 1.79743
219 244 1.18334
244 219 1.18334
230 244 1.77672
244 230 1.77672
232 244 0.405332
244 232 0.405332
6 245 1.81266
245 6 1.81266
23 245 1.98528
245 23 1.98528
36 245 0.300198
245 36 0.300198
49 245 0.779292
245 49 0.779292
58 245 1.7926
245 58 1.7926
95 245 1.61533
245 95 1.61533
139 245 0.647559
245 139 0.647559
148 245 0.690928
245 148 0.690928
156 245 0.54946
245 156 0.54946
165 245 0.683848
245 165 0.683848
174 245 0.381827
245 174 0.381827
178 245 1.75746
245 178 1.75746
201 245 1.18025
245 201 1.18025
223 245 0.618473
245 223 0.618473
2 246 1.11507
246 2 1.11507
45 246 1.72289
246 45 1.72289
48 246 1.26136
246 48 1.26136
63 246 1.39941
246 63 1.39941
64 246 0.263985
246 64 0.263985
81 246 1.45912
246 81 1.45912
197 246 1.44389
246 197 1.44389
3 247 0.574906
247 3 0.574906
39 247 0.625403
247 39 0.625403
40 247 1.08386
247 40 1.08386
107 247 1.1796
247 107 1.1796
116 247 1.572
247 116 1.572
169 247 1.66926
247 169 1.66926
61 248 0.778106
248 61 0.778106
74 248 1.64851
248 74 1.64851
195 248 0.717659
248 195 0.717659
202 248 0.787031
248 202 0.787031
205 248 0.901469
248 205 0.901469
209 248 0.128036
248 209 0.128036
13 249 0.522816
249 13 0.522816
26 249 1.4887
249 26 1.4887
55 249 0.344682
249 55 0.344682
58 249 1.12703
249 58 1.12703
70 249 0.638453
249 70 0.638453
89 249 1.90344
249 89 1.90344
115 249 1.40744
249 115 1.40744
120 249 1.21638
249 120 1.21638
149 249 1.15867
249 149 1.15867
176 249 1.33544
249 176 1.33544
201 249 1.66243
249 201 1.66243
82 250 0.616989
250 82 0.616989
112 250 1.40426
250 112 1.40426
135 250 1.43496
250 135 1.43496
220 250 1.83575
250 220 1.83575
43 251 0.576625
251 43 0.576625
73 251 0.679234
251 73 0.679234
145 251 0.306748
251 145 0.306748
242 251 1.57515
251 242 1.57515
0 252 1.50511
252 0 1.50511
47 252 1.47459
252 47 1.47459
91 252 1.9727
252 91 1.9727
102 252 1.62066
252 102 1.62066
134 252 1.80436
252 134 1.80436
138 252 1.9123
252 138 1.9123
140 252 1.01549
252 140 1.01549
150 252 1.11116
252 150 1.11116
163 252 0.720875
252 163 0.720875
181 252 1.87973
252 181 1.87973
189 252 1.94151
252 189 1.94151
71 253 1.3608
253 71 1.3608
76 253 1.1627
253 76 1.1627
79 253 1.18287
253 79 1.18287
94 253 1.30132
253 94 1.30132
151 253 1.11251
253 151 1.11251
231 253 0.790228
253 231 0.790228
234 253 0.329792
253 234 0.329792
241 253 0.52395
253 241 0.52395
110 254 1.17604
254 110 1.17604
173 254 0.618449
254 173 0.618449
192 254 1.93963
254 192 1.93963
93 255 1.69712
255 93 1.69712
96 255 1.64714
255 96 1.64714
97 255 1.28339
255 97 1.28339
110 255 0.989965
255 110 0.989965
175 255 1.38817
255 175 1.38817
11 256 0.740405
256 11 0.740405
20 256 0.832376
256 20 0.832376
27 256 0.851443
256 27 0.851443
98 256 0.627299
256 98 0.627299
119 256 0.936592
256 119 0.936592
132 256 1.69718
256 132 1.69718
154 256 1.84832
256 154 1.84832
206 256 1.80221
256 206 1.80221
224 256 1.61752
256 224 1.61752
12 257 1.70756
257 12 1.70756
18 257 1.12182
257 18 1.12182
36 257 1.38341
257 36 1.38341
49 257 1.59807
257 49 1.59807
139 257 1.96029
257 139 1.96029
148 257 1.52949
257 148 1.52949
156 257 1.93976
257 156 1.93976
165 257 1.94745
257 165 1.94745
174 257 1.17916
257 174 1.17916
201 257 1.6658
257 201 1.6658
223 257 1.90165
257 223 1.90165
227 257 1.4064
257 227 1.4064
245 257 1.56089
257 245 1.56089
14 258 1.84099
258 14 1.84099
32 258 0.899562
258 32 0.899562
57 258 0.135821
258 57 0.135821
92 258 0.789616
258 92 0.789616
166 258 0.137975
258 166 0.137975
31 259 1.95761
259 31 1.95761
35 259 1.83573
259 35 1.83573
108 259 1.28927
259 108 1.28927
113 259 1.98331
259 113 1.98331
126 259 1.30729
259 126 1.30729
129 259 1.91277
259 129 1.91277
159 259 1.60364
259 159 1.60364
173 259 1.11659
259 173 1.11659
189 259 1.81326
259 189 1.81326
192 259 0.561339
259 192 0.561339
254 259 1.67157
259 254 1.67157
11 260 1.06542
260 11 1.06542
20 260 0.739444
260 20 0.739444
21 260 0.804523
260 21 0.804523
27 260 1.92041
260 27 1.92041
87 260 1.94411
260 87 1.94411
98 260 1.7891
260 98 1.7891
100 260 1.3875
260 100 1.3875
119 260 1.77146
260 119 1.77146
128 260 1.86624
260 128 1.86624
132 260 0.154714
260 132 0.154714
154 260 1.13433
260 154 1.13433
162 260 1.64994
260 162 1.64994
186 260 1.45335
260 186 1.45335
256 260 1.56084
260 256 1.56084
25 261 1.07169
261 25 1.07169
82 261 1.58626
261 82 1.58626
93 261 1.71584
261 93 1.71584
96 261 1.3304
261 96 1.3304
97 261 1.74352
261 97 1.74352
120 261 1.66662
261 120 1.66662
133 261 0.940425
261 133 0.940425
149 261 1.72429
261 149 1.72429
213 261 0.735178
261 213 0.735178
220 261 0.310912
261 220 0.310912
171 262 0.832701
262 171 0.832701
69 263 1.49264
263 69 1.49264
79 263 0.468533
263 79 0.468533
94 263 1.25874
263 94 1.25874
151 263 0.530011
263 151 0.530011
231 263 0.85553
263 231 0.85553
234 263 1.69672
263 234 1.69672
241 263 1.12353
263 241 1.12353
253 263 1.63948
263 253 1.63948
17 264 0.957619
264 17 0.957619
42 264 1.26359
264 42 1.26359
91 264 0.939943
264 91 0.939943
214 264 0.575382
264 214 0.575382
4 265 1.97106
265 4 1.97106
83 265 1.50941
265 83 1.50941
90 265 0.687664
265 90 0.687664
105 265 0.913071
265 105 0.913071
111 265 1.55913
265 111 1.55913
122 265 1.70253
265 122 1.70253
131 265 1.20859
265 131 1.20859
194 265 1.99925
265 194 1.99925
238 265 1.08086
265 238 1.08086
4 266 0.973052
266 4 0.973052
61 266 1.99741
266 61 1.99741
83 266 1.78008
266 83 1.78008
90 266 1.85579
266 90 1.85579
105 266 1.09467
266 105 1.09467
111 266 0.584568
266 111 0.584568
122 266 0.537101
266 122 0.537101
131 266 1.72554
266 131 1.72554
141 266 1.96678
266 141 1.96678
202 266 1.85466
266 202 1.85466
265 266 1.17372
266 265 1.17372
1 267 1.49761
267 1 1.49761
24 267 1.00882
267 24 1.00882
54 267 1.55405
267 54 1.55405
83 267 1.89205
267 83 1.89205
90 267 1.16596
267 90 1.16596
105 267 1.94599
267 105 1.94599
117 267 1.86016
267 117 1.86016
152 267 1.78387
267 152 1.78387
194 267 1.04302
267 194 1.04302
238 267 0.902927
267 238 0.902927
265 267 1.66849
267 265 1.66849
17 268 1.55077
268 17 1.55077
47 268 0.433977
268 47 0.433977
91 268 1.43441
268 91 1.43441
150 268 0.70406
268 150 0.70406
159 268 1.93123
268 159 1.93123
